207,0,0,'海淀','',0,',4,5,7,11,113,115,116,117,118,119,120,8,107,3,2,1,9,10,12,13,14,101,102,103,104,105,106,108','beijing',1,0,0,0,0,0,'','','','','海淀','海淀','海淀','39.964866,116.30517',39.964866,116.30517
208,0,0,'朝阳','',0,',4,5,7,11,113,115,116,117,118,119,120,8,107,3,2,1,9,10,12,13,14,101,102,103,104,105,106,108','chaoyangqu',1,0,1,0,0,0,'','','','','朝阳','朝阳','朝阳','39.961389,116.479118',39.961389,116.479118
209,0,0,'东城','',0,',4,5,7,11,113,115,116,117,118,119,120,8,107,3,2,1,9,10,12,13,14,101,102,103,104,105,106,108','dongchengqu',1,0,2,0,0,0,'','','','','东城','东城','东城','39.934334,116.423603',39.934334,116.423603
210,0,0,'西城','',0,',4,5,7,11,113,115,116,117,118,119,120,8,107,3,2,1,9,10,12,13,14,101,102,103,104,105,106,108','xichengqu',1,0,3,0,0,0,'','','','','西城','西城','西城','39.917292,116.372436',39.917292,116.372436
211,0,0,'崇文','',0,',4,5,7,11,113,115,116,117,118,119,120,8,107,3,2,1,9,10,12,13,14,101,102,103,104,105,106,108','chongwenqu',1,0,4,0,0,0,'','','','','崇文','崇文','崇文','39.906783,116.425256',39.906783,116.425256
212,0,0,'宣武','',0,',4,5,7,11,113,115,116,117,118,119,120,8,107,3,2,1,9,10,12,13,14,101,102,103,104,105,106,108','xuanwuqu',1,0,5,0,0,0,'','','','','宣武','宣武','宣武','39.900134,116.381634',39.900134,116.381634
213,0,0,'丰台','',0,',4,5,7,11,113,115,116,117,118,119,120,8,107,3,2,1,9,10,12,13,14,101,102,103,104,105,106,108','fengtaiqu',1,0,6,0,0,0,'','','','','丰台','丰台','丰台','39.86481,116.295684',39.86481,116.295684
214,0,0,'石景山','',0,',4,5,7,11,113,115,116,117,118,119,120,8,107,3,2,1,9,10,12,13,14,101,102,103,104,105,106,108','shijingshanqu',1,0,7,0,0,0,'','','','','石景山','石景山','石景山','39.909544,116.232731',39.909544,116.232731
215,0,0,'昌平','',0,',4,5,7,11,113,115,116,117,118,119,120,8,107,3,2,1,9,10,12,13,14,101,102,103,104,105,106,108','changpingqu',1,0,8,0,0,0,'','','','','昌平','昌平','昌平','40.223838,116.228132',40.223838,116.228132
216,0,0,'通州','',0,',4,5,7,11,113,115,116,117,118,119,120,8,107,3,2,1,9,10,12,13,14,101,102,103,104,105,106,108','tongzhouqu',1,0,9,0,0,0,'','','','','通州','通州','通州','39.911868,116.664996',39.911868,116.664996
217,0,0,'顺义','',0,',4,5,7,11,113,115,116,117,118,119,120,8,107,3,2,1,9,10,12,13,14,101,102,103,104,105,106,108','shunyiqu',1,0,10,0,0,0,'','','','','顺义','顺义','顺义','40.133212,116.659318',40.133212,116.659318
218,0,0,'大兴','',0,',4,5,7,11,113,115,116,117,118,119,120,8,107,3,2,1,9,10,12,13,14,101,102,103,104,105,106,108','daxingqu',1,0,11,0,0,0,'','','','','大兴','大兴','大兴','39.730877,116.350301',39.730877,116.350301
219,0,0,'怀柔','',0,',4,5,7,11,113,115,116,117,118,119,120,8,107,3,2,1,9,10,12,13,14,101,102,103,104,105,106,108','huairouqu',1,0,12,0,0,0,'','','','','怀柔','怀柔','怀柔','40.320064,116.642646',40.320064,116.642646
220,0,0,'平谷','',0,',4,5,7,11,113,115,116,117,118,119,120,8,107,3,2,1,9,10,12,13,14,101,102,103,104,105,106,108','pingguqu',1,0,13,0,0,0,'','','','','平谷','平谷','平谷','40.14667,117.128737',40.14667,117.128737
221,0,0,'房山','',0,',4,5,7,11,113,115,116,117,118,119,120,8,107,3,2,1,9,10,12,13,14,101,102,103,104,105,106,108','fangshanqu',1,0,14,0,0,0,'','','','','房山','房山','房山','39.753513,116.150374',39.753513,116.150374
222,0,0,'门头沟','',0,',4,5,7,11,113,115,116,117,118,119,120,8,107,3,2,1,9,10,12,13,14,101,102,103,104,105,106,108','mentougouqu',1,0,15,0,0,0,'','','','','门头沟','门头沟','门头沟','39.94407,116.108837',39.94407,116.108837
223,0,0,'延庆','',0,',4,5,7,11,113,115,116,117,118,119,120,8,107,3,2,1,9,10,12,13,14,101,102,103,104,105,106,108','yanqingxian',1,0,16,0,0,0,'','','','','延庆','延庆','延庆','40.448759,115.977145',40.448759,115.977145
224,0,0,'密云','',0,',4,5,7,11,113,115,116,117,118,119,120,8,107,3,2,1,9,10,12,13,14,101,102,103,104,105,106,108','miyunxian',1,0,17,0,0,0,'','','','','密云','密云','密云','40.38052,116.847783',40.38052,116.847783
225,0,0,'周边','',0,',4,5,7,11,113,115,116,117,118,119,120,8,107,3,2,1,9,10,12,13,14,101,102,103,104,105,106,108','dongyanjiao',1,0,18,0,0,0,'','','','','周边','周边','周边','',0,0
