1,'权限组','',2,'1',0,0,1,'4',0,1,1,0,0,1,1,1,0,0,10000000,10000000,65535,0,'','denyarc,denyatm',0
2,'内容组','',2,'1',0,0,4,'1',0,1,1,0,0,1,1,1,0,0,10000000,10000000,65535,0,'','denyarc,denyatm',0
3,'会员组','',2,'1',0,0,3,'2',0,1,1,0,0,1,1,1,0,0,10000000,10000000,0,0,'','denyarc,denyatm',0
4,'广告组','',2,'1',0,0,2,'3',0,1,1,0,0,1,1,1,0,0,10000000,10000000,0,0,'','denyarc,denyatm',0
5,'推荐','',16,'2,3,11,12',0,30,999,'',0,1,1,0,0,1,1,1,0,0,10000000,10000000,100,0,'','',0
6,'初级用户','',13,',1',0,0,999,'',0,1,1,0,0,1,1,1,0,0,30,33,100,0,'','',0
7,'普通经纪人','',14,'2',0,0,999,'',0,1,1,0,0,1,1,1,0,0,10000000,10000000,100,1,'','',0
8,'高级经纪人','',14,'2',0,365,999,'',0,1,1,0,0,1,1,1,0,0,10000000,10000000,100,0,'','',7
9,'经纪公司','',15,'3',0,0,999,'',0,1,1,0,0,1,1,1,0,0,10000000,10000000,100,1,'','',0
10,'中级用户','',13,'1',100,0,999,'',0,1,1,0,0,1,1,1,0,0,2147483647,10000000,100,0,'','',0
11,'高级用户','',13,',1,2',500,0,999,'',0,1,1,0,0,1,1,1,0,0,22,10,100,0,'','',0
12,'一级','userfiles/notdel/ico_1.gif',17,'2',0,0,999,'',0,1,1,0,0,1,1,1,0,0,10000000,10000000,100,0,'','',0
13,'二级','userfiles/notdel/ico_2.gif',17,'2',100,0,999,'',0,1,1,0,0,1,1,1,0,0,10000000,10000000,100,0,'','',0
14,'三级','userfiles/notdel/ico_3.gif',17,'2',200,0,999,'',0,1,1,0,0,1,1,1,0,0,10000000,10000000,100,0,'','',0
15,'四级','userfiles/notdel/ico_4.gif',17,'2',400,0,999,'',0,1,1,0,0,1,1,1,0,0,10000000,10000000,100,0,'','',0
16,'五级','userfiles/notdel/ico_5.gif',17,'2',800,0,999,'',0,1,1,0,0,1,1,1,0,0,10000000,10000000,100,0,'','',0
17,'六级','userfiles/notdel/ico_6.gif',17,'2',1600,0,999,'',0,1,1,0,0,1,1,1,0,0,10000000,10000000,100,0,'','',0
18,'七级','userfiles/notdel/ico_7.gif',17,'2',3200,0,999,'',0,1,1,0,0,1,1,1,0,0,10000000,10000000,100,0,'','',0
19,'八级','userfiles/notdel/ico_8.gif',17,'2',6400,0,999,'',0,1,1,0,0,1,1,1,0,0,10000000,10000000,100,0,'','',0
20,'九级','userfiles/notdel/ico_9.gif',17,'2',12800,0,999,'',0,1,1,0,0,1,1,1,0,0,10000000,10000000,100,0,'','',0
21,'十级','userfiles/notdel/ico_10.gif',17,'2',25600,0,999,'',0,1,1,0,0,1,1,1,0,0,10000000,10000000,100,0,'','',0
101,'普通公司','',31,'11',0,0,999,'',0,1,1,0,0,1,1,1,0,0,10000000,10000000,100,1,'','denyarc,denyatm',0
102,'VIP公司','',31,'11',100,365,999,'',0,1,1,0,0,1,1,1,0,0,10000000,10000000,100,0,'','denyarc,denyatm',101
103,'普通商家','',32,'12',0,0,999,'',0,1,1,0,0,1,1,1,0,0,10000000,10000000,100,1,'','denyarc,denyatm',0
104,'VIP商家','',32,'12',100,365,999,'',0,1,1,0,0,1,1,1,0,0,10000000,10000000,100,0,'','denyarc,denyatm',103
105,'售楼公司','',33,'13',0,0,999,'',0,1,1,0,0,1,1,1,0,0,10000000,10000000,100,1,'','',0
106,'问答专家','',34,'1,2,3,11,12',0,0,999,'',0,1,1,0,0,1,1,1,0,0,10000000,10000000,100,0,'','',0
107,'推荐专家','',35,'1,2,3,11,12,13',0,0,999,'',0,1,1,0,0,1,1,1,0,0,10000000,10000000,100,0,'','',0
